20040		0				0
882260		4.332170E-04			1
	822100			1
882280		1.205473E-01			1
	902280			1
822060		0				0
822070		0				0
822080		0				0
822100		3.113869E-02			1
	822060			1
902280		3.623352E-01			1
	822080			1
902290		9.443422E-05			1
	832090			1
902300		9.001911E-06			1
	882260			1
902320		4.933432E-11			1
	882280			1
832090		0				0
892270		3.183956E-02			1
	822070			1
912310		2.310491E-05			1
	892270			1
922320		9.627044E-03			1
	902280			1
922330		4.332170E-06			1
	902290			1
922340		2.888113E-06			1
	902300			1
922350		9.848639E-10			1
	912310			1
922360		2.960270E-08			1
	902320			1
922380		1.540327E-10			1
	922340			1
932370		3.300701E-07			1
	922330			1
942380		7.876673E-03			1
	922340			1
942390		2.872435E-05			1
	922350			1
942400		1.055179E-04			1
	922360			1
942410		4.813522E-02			1
	952410			1
942420		1.824072E-06			1
	922380			1
942440		8.391612E-09			1
	942400			1
952410		1.604507E-03			1
	932370			1
952421		4.560179E-03			3
	962420			0.822865
	942420			0.172135
	942380			0.005
952430		9.392238E-05			1
	942390			1
962420		1.553202E+00			1
	942380			1
962430		2.432095E-02			2
	942390			0.998
	952430			0.002
962440		3.827428E-02			1
	942400			1
962450		8.154673E-05			1
	942410			1
962460		1.459257E-04			1
	942420			1
962470		4.443251E-08			1
	952430			1
962480		2.044682E-06			1
	942440			1
962500		1.004561E-04			2
	962460			0.86
	982500			0.14
982490		1.977031E-03			1
	962450			1
982500		5.331901E-02			1
	962460			1
982510		7.701635E-04			1
	962470			1
982520		2.626552E-01			1
	962480			1
10030		5.626195E-02			1
	8881159			1
60140		1.212856E-04			1
	8881159			1
60129		0				0
360810		3.013683E-06			1
	8881159			1
360850		6.441888E-02			1
	8881159			1
360849		0				0
380900		2.408434E-02			1
	8881159			1
380889		0				0
430990		3.254212E-06			1
	8881159			1
430989		0				0
531290		4.414950E-08			1
	8881159			1
531279		0				0
551340		3.356645E-01			1
	8881159			1
551350		3.013683E-07			1
	8881159			1
551370		2.305112E-02			1
	8881159			1
551339		0				0
9992409		0				0
8881159		0				0
